0(35)(36)
0(58)(35)
0(59)(35)
0(48)(35)
0(49)(35)
0(38)(35)
0(39)(35)
0(37)(35)
0(36)(35)
1(35)(34)
0(26)(35)
0(25)(35)
0(16)(35)
0(17)(35)
0(15)(35)
0(14)(35)
0(18)(35)
0(19)(35)
1(36)(34)
2(34)(33)
1(25)(34)
1(26)(34)
1(15)(34)
1(16)(34)
1(14)(34)
1(17)(34)
1(18)(34)
1(19)(34)
2(36)(37)
1(34)(36)
1(25)(36)
1(26)(36)
1(15)(36)
1(16)(36)
1(14)(36)
1(17)(36)
1(18)(36)
1(19)(36)
1(33)(36)
1(32)(36)
1(23)(36)
1(31)(36)
1(41)(36)
1(21)(36)
1(11)(36)
1(37)(34)
1(38)(34)
1(39)(34)
1(48)(34)
1(49)(34)
1(51)(36)
1(58)(34)
1(59)(34)
1(52)(36)
1(53)(36)
1(54)(36)
1(55)(36)
1(56)(36)
1(57)(36)
1(58)(36)
1(57)(34)
1(56)(34)
1(55)(34)
1(54)(34)
1(53)(34)
1(52)(34)
1(51)(34)
1(41)(34)
1(31)(34)
1(32)(34)
1(21)(34)
1(11)(34)
1(33)(34)
1(23)(34)
1(59)(36)
1(48)(36)
1(49)(36)
1(38)(36)
1(39)(36)
1(37)(36)
2(35)(33)
3(33)(32)
2(36)(33)
2(25)(33)
2(26)(33)
2(15)(33)
2(16)(33)
2(14)(33)
2(17)(33)
2(18)(33)
2(19)(33)
2(37)(33)
3(37)(38)
2(35)(37)
2(26)(37)
2(25)(37)
2(16)(37)
2(17)(37)
2(15)(37)
2(14)(37)
2(18)(37)
2(19)(37)
2(34)(37)
2(33)(37)
2(32)(37)
2(23)(37)
2(31)(37)
2(41)(37)
2(21)(37)
2(11)(37)
2(38)(33)
2(39)(33)
2(48)(33)
2(49)(33)
2(51)(37)
2(58)(33)
2(59)(33)
2(52)(37)
2(53)(37)
2(54)(37)
2(55)(37)
2(56)(37)
2(57)(37)
2(58)(37)
2(57)(33)
2(56)(33)
2(55)(33)
2(54)(33)
2(53)(33)
2(52)(33)
2(51)(33)
2(41)(33)
2(31)(33)
2(32)(33)
2(21)(33)
2(11)(33)
2(59)(37)
2(48)(37)
2(49)(37)
2(38)(37)
2(39)(37)
3(34)(32)
4(32)(31)
3(23)(32)
3(35)(32)
3(36)(32)
3(25)(32)
3(26)(32)
3(15)(32)
3(16)(32)
3(14)(32)
3(17)(32)
3(18)(32)
3(19)(32)
3(37)(32)
3(38)(32)
4(38)(39)
3(36)(38)
3(35)(38)
3(26)(38)
3(25)(38)
3(16)(38)
3(17)(38)
3(15)(38)
3(14)(38)
3(18)(38)
3(19)(38)
3(34)(38)
3(33)(38)
3(32)(38)
3(23)(38)
3(31)(38)
3(41)(38)
3(21)(38)
3(11)(38)
3(39)(32)
3(48)(32)
3(49)(32)
3(51)(38)
3(58)(32)
3(59)(32)
3(52)(38)
3(53)(38)
3(54)(38)
3(55)(38)
3(56)(38)
3(57)(38)
3(58)(38)
3(57)(32)
3(56)(32)
3(55)(32)
3(54)(32)
3(53)(32)
3(52)(32)
3(51)(32)
3(41)(32)
3(31)(32)
3(21)(32)
3(11)(32)
3(59)(38)
3(48)(38)
3(49)(38)
3(39)(38)
4(33)(31)
4(34)(31)
4(23)(31)
4(35)(31)
4(36)(31)
4(25)(31)
4(26)(31)
4(15)(31)
4(16)(31)
4(14)(31)
4(17)(31)
4(18)(31)
4(19)(31)
4(37)(31)
4(38)(31)
4(39)(31)
4(48)(31)
4(37)(39)
4(48)(39)
4(36)(39)
4(35)(39)
4(26)(39)
4(25)(39)
4(16)(39)
4(17)(39)
4(15)(39)
4(14)(39)
4(18)(39)
4(19)(39)
4(34)(39)
4(33)(39)
4(32)(39)
4(23)(39)
4(31)(39)
4(41)(39)
4(21)(39)
4(11)(39)
4(49)(31)
4(51)(39)
4(58)(31)
4(49)(39)
4(58)(39)
4(59)(31)
4(59)(39)
4(52)(39)
4(53)(39)
4(54)(39)
4(55)(39)
4(56)(39)
4(57)(39)
4(57)(31)
4(56)(31)
4(55)(31)
4(54)(31)
4(53)(31)
4(52)(31)
4(51)(31)
4(41)(31)
5(31)(21)
5(32)(21)
5(41)(21)
6